like =

  Columns 1 through 8

 -716.1986 -567.2705 -553.5579 -547.3805 -545.5234 -544.3557 -543.7315 -543.1576

  Columns 9 through 16

 -542.5968 -542.1918 -541.9841 -541.8804 -541.8126 -541.7469 -541.6624 -541.5393

  Columns 17 through 24

 -541.3526 -541.0722 -540.6806 -540.2250 -539.8442 -539.6405 -539.5697 -539.5513

  Columns 25 through 32

 -539.5472 -539.5463 -539.5461 -539.5461 -539.5460 -539.5460 -539.5460 -539.5460


mu =

    1.1821   11.2828
    3.0613    8.8706
   -0.5956    3.3398


covar =

    1.5874   -1.1645
   -1.1645    0.9113
    0.8036   -0.4986
   -0.4986    0.4775
    4.4905    1.8774
    1.8774    6.8982


mix =

    0.0956
    0.1450
    0.7594
