like =

  Columns 1 through 8

 -560.9719 -392.8032 -375.1436 -374.9376 -374.6090 -374.0922 -373.3749 -372.5650

  Columns 9 through 16

 -371.7907 -371.0506 -370.3674 -369.8644 -369.5368 -369.3349 -369.2266 -369.1682

  Columns 17 through 24

 -369.1288 -369.0973 -369.0704 -369.0474 -369.0277 -369.0109 -368.9967 -368.9848

  Columns 25 through 32

 -368.9748 -368.9666 -368.9599 -368.9543 -368.9498 -368.9461 -368.9431 -368.9407

  Columns 33 through 40

 -368.9387 -368.9371 -368.9359 -368.9348 -368.9340 -368.9334 -368.9328 -368.9324

  Columns 41 through 48

 -368.9321 -368.9318 -368.9316 -368.9314 -368.9313 -368.9312 -368.9311 -368.9310

  Columns 49 through 56

 -368.9309 -368.9309 -368.9309 -368.9308 -368.9308 -368.9308 -368.9308 -368.9308

  Columns 57 through 64

 -368.9308 -368.9308 -368.9307 -368.9307 -368.9307 -368.9307 -368.9307 -368.9307

  Columns 65 through 68

 -368.9307 -368.9307 -368.9307 -368.9307


mu =

   -5.5307   -0.4363
   -4.5529    0.4420
    2.5612    2.3585


covar =

    0.3926   -0.4081
   -0.4081    0.7544
    1.3337   -0.1056
   -0.1056    0.2521
    6.4979   -6.1226
   -6.1226    7.1916


mix =

    0.1424
    0.1909
    0.6667
